Looping GA 10,000 times
looptimes mutate(threshhold, upBOund,hiColChance, lowColChance), slope, cycle, fitness
-----------------------------------------------
10000 m1(4,1000,900,5) = -.00326, 6658, 40
10000 m2(4,1000,900,10) = -.0047, 3295, 50
15000 m3(3, 1000,900,5) = -.0047, ?, 50
15000 m4(3, 1000,900,5) = -.0066, 9909, 38
13000 m5(3, 1000,950,5) = -.0044, 8318 40
13000 m6(3, 1000,800,5) = -.0050, 4708 36
13000 m7(3, 1000,900,5) = -.0053, 6146 38
13000 m8(2, 1000,900,1) = -.0053, 6146 38
13000 m9(2, 1000,900,1) = -.0067, 11589 18
13000 m9(2, 1000,900,1) = -.0075, 8309 28
50000 m9(2, 1000,900,1) = -.0019, 36570, 18
50000 m9(1, 1000,900,1) = -.0020, 40000, 16
50000 m9(2, 1000,950,1) = -.0018, 43500, 12
50000 m9(2, 1000,960,5) = Solution Found